194 0.467529 0.393799 0.02002 0.020996
96 0.540039 0.393555 0.020508 0.019531
63 0.611816 0.408691 0.015625 0.015625
16 0.613037 0.42627 0.016113 0.016602
222 0.51904296875 0.390380859375 0.019921875000000002 0.019921875000000002
222 0.61083984375 0.443115234375 0.01953125 0.01953125
222 0.13623046875 0.43212890625 0.013671875 0.013671875
222 0.832275390625 0.388671875 0.0205078125 0.0205078125
222 0.2568359375 0.452880859375 0.009765625 0.009765625
222 0.575439453125 0.4609375 0.0107421875 0.0107421875
