13 0.969215 0.473974 0.009337 0.009125
190 0.074206 0.337942 0.027627 0.039833
13 0.063927 0.406366 0.016062 0.021202
0 0.048186 0.404117 0.017989 0.021844
96 0.080631 0.407651 0.016062 0.022487
53 0.959537 0.450696 0.014777 0.016062
202 0.678955078125 0.494140625 0.0107421875 0.0107421875
202 0.012939453125 0.450927734375 0.0205078125 0.0205078125
202 0.983642578125 0.493408203125 0.0107421875 0.0107421875
202 0.9755859375 0.449951171875 0.01611328125 0.01611328125
202 0.2607421875 0.466552734375 0.017578125 0.017578125
202 0.069091796875 0.408447265625 0.03271484375 0.03271484375
202 0.064208984375 0.34033203125 0.0419921875 0.0419921875
202 0.979248046875 0.464111328125 0.01611328125 0.01611328125
