53 0.16994 0.457973 0.00833 0.010771
220 0.182373046875 0.378662109375 0.03466796875 0.03466796875
220 0.4521484375 0.462890625 0.021484375 0.021484375
220 0.05029296875 0.4853515625 0.009765625 0.009765625
220 0.246826171875 0.466796875 0.0087890625 0.0087890625
220 0.175537109375 0.460205078125 0.0126953125 0.0126953125
220 0.620361328125 0.4892578125 0.0087890625 0.0087890625
220 0.56103515625 0.47412109375 0.009765625 0.009765625
220 0.540283203125 0.463134765625 0.0205078125 0.0205078125
220 0.35693359375 0.471923828125 0.0078125 0.0078125
220 0.555908203125 0.473876953125 0.0087890625 0.0087890625
220 0.552978515625 0.470947265625 0.0087890625 0.0087890625
