112 0.7146 0.422119 0.032715 0.034668
193 0.358398 0.445557 0.016602 0.016113
2 0.358887 0.4646 0.015625 0.01709
11 0.341553 0.446045 0.015137 0.016113
37 0.341797 0.465088 0.015625 0.016113
168 0.7138671875 0.46826171875 0.03515625 0.03515625
168 0.956787109375 0.434814453125 0.0185546875 0.0185546875
168 0.164306640625 0.466552734375 0.0126953125 0.0126953125
168 0.074462890625 0.482666015625 0.0166015625 0.0166015625
168 0.290771484375 0.4833984375 0.0107421875 0.0107421875
168 0.353271484375 0.4814453125 0.0263671875 0.0263671875
168 0.51513671875 0.4521484375 0.01953125 0.01953125
168 0.56298828125 0.483154296875 0.0078125 0.0078125
