130 0.736932 0.457763 0.008317 0.008315
11 0.674484 0.454137 0.007962 0.009553
96 0.745868 0.458294 0.007782 0.009023
96 0.683595 0.454225 0.008136 0.008669
72 0.2900390625 0.454345703125 0.0234375 0.0234375
72 0.930908203125 0.47998046875 0.0185546875 0.0185546875
72 0.343994140625 0.44287109375 0.0146484375 0.0146484375
72 0.893310546875 0.46728515625 0.0166015625 0.0166015625
72 0.704833984375 0.47900390625 0.0126953125 0.0126953125
72 0.889892578125 0.4677734375 0.0185546875 0.0185546875
72 0.70947265625 0.4541015625 0.02197265625 0.02197265625
