172 0.540601 0.236892 0.06926 0.05535
19 0.64624 0.578125 0.04248 0.048828
19 0.628418 0.50415 0.011719 0.012207
74 0.674609 0.452148 0.007031 0.008203
96 0.682813 0.452148 0.007812 0.008203
200 0.424072265625 0.2490234375 0.051562500000000004 0.051562500000000004
200 0.2177734375 0.136962890625 0.069140625 0.069140625
200 0.67138671875 0.450439453125 0.0244140625 0.0244140625
200 0.230224609375 0.427490234375 0.0400390625 0.0400390625
200 0.688232421875 0.47119140625 0.0087890625 0.0087890625
200 0.373779296875 0.42578125 0.0185546875 0.0185546875
