57 0.921143 0.283447 0.031738 0.036621
118 0.957031 0.356689 0.021484 0.028809
0 0.957031 0.387207 0.020508 0.027344
96 0.958008 0.419434 0.021484 0.029297
186 0.849854 0.269043 0.024902 0.025391
211 0.955810546875 0.43017578125 0.0517578125 0.0517578125
211 0.66650390625 0.44384765625 0.017578125 0.017578125
211 0.10498046875 0.479248046875 0.0234375 0.0234375
211 0.376953125 0.475341796875 0.009765625 0.009765625
211 0.193603515625 0.443603515625 0.0166015625 0.0166015625
211 0.11279296875 0.48193359375 0.021484375 0.021484375
211 0.139404296875 0.5185546875 0.0224609375 0.0224609375
211 0.647216796875 0.249267578125 0.062890625 0.062890625
