169 0.60791 0.344727 0.039062 0.038086
211 0.761962890625 0.458984375 0.0205078125 0.0205078125
211 0.677734375 0.348388671875 0.031640625 0.031640625
211 0.822021484375 0.46044921875 0.0263671875 0.0263671875
211 0.235595703125 0.4521484375 0.0107421875 0.0107421875
211 0.574462890625 0.461669921875 0.0068359375 0.0068359375
211 0.55810546875 0.452880859375 0.0185546875 0.0185546875
211 0.376220703125 0.468505859375 0.0068359375 0.0068359375
211 0.562744140625 0.44970703125 0.01953125 0.01953125
211 0.05029296875 0.453857421875 0.01171875 0.01171875
