32 0.641422 0.489391 0.012208 0.012207
122 0.672496 0.403109 0.02386 0.025524
60 0.650579 0.402694 0.022194 0.021917
212 0.669189453125 0.40380859375 0.0263671875 0.0263671875
212 0.329833984375 0.45068359375 0.0146484375 0.0146484375
212 0.283447265625 0.4287109375 0.0185546875 0.0185546875
212 0.910888671875 0.48193359375 0.0087890625 0.0087890625
212 0.427490234375 0.447021484375 0.0205078125 0.0205078125
212 0.69677734375 0.4638671875 0.015625 0.015625
212 0.50439453125 0.472412109375 0.009765625 0.009765625
