12 0.387939 0.497803 0.016113 0.015137
11 0.571289 0.393555 0.024414 0.025391
11 0.633057 0.487549 0.015137 0.015137
18 0.697998 0.435791 0.024902 0.025879
213 0.569580078125 0.394775390625 0.032958984375 0.032958984375
213 0.359619140625 0.470947265625 0.0126953125 0.0126953125
213 0.164306640625 0.43212890625 0.0146484375 0.0146484375
213 0.56005859375 0.470458984375 0.0078125 0.0078125
213 0.581298828125 0.4677734375 0.0107421875 0.0107421875
213 0.387939453125 0.519775390625 0.0146484375 0.0146484375
213 0.674072265625 0.416259765625 0.0185546875 0.0185546875
213 0.261474609375 0.487060546875 0.0107421875 0.0107421875
213 0.142333984375 0.487060546875 0.0126953125 0.0126953125
213 0.633056640625 0.5078125 0.0107421875 0.0107421875
