13 0.508545 0.441406 0.01123 0.011719
169 0.597412 0.39209 0.023926 0.024414
9 0.451416 0.384766 0.028809 0.029297
194 0.495361 0.440674 0.01123 0.012207
96 0.520508 0.442139 0.011719 0.012207
96 0.511475 0.458252 0.007324 0.007324
213 0.521484375 0.388427734375 0.031640625 0.031640625
213 0.047119140625 0.435546875 0.0224609375 0.0224609375
213 0.69921875 0.440185546875 0.015625 0.015625
213 0.55517578125 0.46728515625 0.009765625 0.009765625
213 0.2470703125 0.447265625 0.01171875 0.01171875
213 0.59521484375 0.465576171875 0.01171875 0.01171875
