11 0.203613 0.203125 0.045898 0.064453
96 0.24707 0.228271 0.040039 0.061035
213 0.267578125 0.419189453125 0.052734375 0.052734375
213 0.585693359375 0.489013671875 0.0126953125 0.0126953125
213 0.34716796875 0.395751953125 0.029296875 0.029296875
213 0.059814453125 0.44189453125 0.0341796875 0.0341796875
213 0.376953125 0.55517578125 0.01953125 0.01953125
213 0.905029296875 0.477783203125 0.0107421875 0.0107421875
213 0.784423828125 0.48681640625 0.017578125 0.017578125
213 0.92626953125 0.502685546875 0.01171875 0.01171875
213 0.03173828125 0.27197265625 0.025390625 0.025390625
