130 0.454834 0.39917 0.016113 0.019043
0 0.281982 0.463135 0.01709 0.02002
96 0.47168 0.401611 0.015625 0.019043
101 0.720458984375 0.432861328125 0.0205078125 0.0205078125
101 0.5087890625 0.474853515625 0.01953125 0.01953125
101 0.350830078125 0.47314453125 0.0185546875 0.0185546875
101 0.28076171875 0.492431640625 0.0234375 0.0234375
101 0.43896484375 0.398681640625 0.034423828125 0.034423828125
101 0.595947265625 0.489013671875 0.0166015625 0.0166015625
101 0.99560546875 0.477294921875 0.017578125 0.017578125
101 0.00244140625 0.48486328125 0.009765625 0.009765625
101 0.996337890625 0.528076171875 0.0146484375 0.0146484375
