11 0.508197 0.429174 0.019276 0.019274
96 0.52972 0.429173 0.019919 0.017989
214 0.69384765625 0.38134765625 0.033203125 0.033203125
214 0.217529296875 0.461181640625 0.0146484375 0.0146484375
214 0.53173828125 0.4287109375 0.01953125 0.01953125
214 0.310791015625 0.480224609375 0.0107421875 0.0107421875
214 0.639404296875 0.4501953125 0.0302734375 0.0302734375
214 0.56591796875 0.486083984375 0.013671875 0.013671875
214 0.492919921875 0.33984375 0.0328125 0.0328125
214 0.394287109375 0.48681640625 0.0068359375 0.0068359375
