42 0.737305 0.452799 0.029297 0.026693
130 0.973958 0.454753 0.020835 0.022786
10 0.736978 0.425456 0.027345 0.027995
86 0.737304 0.480794 0.027996 0.027995
201 0.73291015625 0.484130859375 0.03125 0.03125
201 0.629638671875 0.4794921875 0.0087890625 0.0087890625
201 0.89208984375 0.412109375 0.033203125 0.033203125
201 0.40087890625 0.18603515625 0.08515625 0.08515625
201 0.610595703125 0.452880859375 0.0283203125 0.0283203125
201 0.92578125 0.41064453125 0.04296875 0.04296875
201 0.916015625 0.413330078125 0.044921875 0.044921875
201 0.971923828125 0.475341796875 0.0263671875 0.0263671875
