13 0.673907 0.468324 0.006973 0.006588
194 0.666156 0.468518 0.006199 0.008525
96 0.682238 0.468711 0.006586 0.007363
201 0.1201171875 0.47119140625 0.0234375 0.0234375
201 0.307861328125 0.422607421875 0.0185546875 0.0185546875
201 0.50830078125 0.445556640625 0.013671875 0.013671875
201 0.281005859375 0.478515625 0.0146484375 0.0146484375
201 0.391845703125 0.48486328125 0.0126953125 0.0126953125
201 0.6865234375 0.474853515625 0.009765625 0.009765625
201 0.033447265625 0.473876953125 0.0205078125 0.0205078125
201 0.875244140625 0.482421875 0.0107421875 0.0107421875
201 0.06591796875 0.400146484375 0.023046875 0.023046875
201 0.633056640625 0.4814453125 0.0068359375 0.0068359375
