19 0.384796 0.663003 0.086032 0.085924
74 0.710205 0.418213 0.015137 0.01416
96 0.726074 0.417725 0.014648 0.015137
201 0.727294921875 0.460205078125 0.0146484375 0.0146484375
201 0.9580078125 0.437255859375 0.01953125 0.01953125
201 0.3515625 0.458740234375 0.015625 0.015625
201 0.71875 0.418701171875 0.0244140625 0.0244140625
201 0.76904296875 0.45068359375 0.009765625 0.009765625
201 0.560791015625 0.46240234375 0.0087890625 0.0087890625
201 0.366455078125 0.457763671875 0.0146484375 0.0146484375
201 0.694580078125 0.41796875 0.021484375 0.021484375
