130 0.483724 0.4375 0.018229 0.016927
96 0.502279 0.436849 0.017577 0.016927
216 0.69384765625 0.498779296875 0.015625 0.015625
216 0.5146484375 0.438232421875 0.030029296875 0.030029296875
216 0.587890625 0.45458984375 0.015625 0.015625
216 0.2626953125 0.43408203125 0.013671875 0.013671875
216 0.639892578125 0.440185546875 0.022705078125 0.022705078125
216 0.346923828125 0.462158203125 0.0087890625 0.0087890625
216 0.555908203125 0.47265625 0.0087890625 0.0087890625
216 0.416748046875 0.47412109375 0.0068359375 0.0068359375
216 0.3916015625 0.477294921875 0.0078125 0.0078125
216 0.331787109375 0.45263671875 0.0234375 0.0234375
