11 0.805487 0.473598 0.008142 0.009199
96 0.814421 0.474482 0.008315 0.009199
217 0.818603515625 0.472412109375 0.01611328125 0.01611328125
217 0.837158203125 0.49755859375 0.0087890625 0.0087890625
217 0.38671875 0.487060546875 0.009765625 0.009765625
217 0.71484375 0.5146484375 0.01171875 0.01171875
217 0.80224609375 0.4990234375 0.01171875 0.01171875
217 0.467041015625 0.486083984375 0.0068359375 0.0068359375
217 0.91943359375 0.522705078125 0.015625 0.015625
217 0.453369140625 0.495849609375 0.0068359375 0.0068359375
