11 0.703857 0.377197 0.022949 0.023926
96 0.727295 0.378662 0.021973 0.023926
17 0.637207 0.387207 0.016602 0.015625
209 0.10302734375 0.4091796875 0.01953125 0.01953125
209 0.691650390625 0.455078125 0.0185546875 0.0185546875
209 0.744384765625 0.457763671875 0.0185546875 0.0185546875
209 0.9287109375 0.39892578125 0.01953125 0.01953125
209 0.64697265625 0.378662109375 0.023046875 0.023046875
209 0.29296875 0.4423828125 0.0234375 0.0234375
209 0.002197265625 0.430419921875 0.0087890625 0.0087890625
